0.00100000000000000
0.00250000000000000
0.00400000000000000
0.00550000000000000
0.00700000000000000
0.00850000000000000
0.0100000000000000
0.0115000000000000
0.0130000000000000
0.0145000000000000
0.0160000000000000
0.0175000000000000
0.0190000000000000
0.0205000000000000
0.0220000000000000
0.0235000000000000
0.0250000000000000
0.0265000000000000
0.0280000000000000
0.0295000000000000
0.0310000000000000
0.0325000000000000
0.0340000000000000
0.0355000000000000
0.0370000000000000
0.0385000000000000
0.0400000000000000
0.0415000000000000
0.0430000000000000
0.0445000000000000
0.0460000000000000
0.0475000000000000
0.0490000000000000
0.0505000000000000
0.0520000000000000
0.0535000000000000
0.0550000000000000
0.0565000000000000
0.0580000000000000
0.0595000000000000
0.0610000000000000
0.0625000000000000
0.0640000000000000
0.0655000000000000
0.0670000000000000
0.0685000000000000
0.0700000000000000
0.0715000000000000
0.0730000000000000
0.0745000000000000
0.0760000000000000
0.0775000000000000
0.0790000000000000
0.0805000000000000
0.0820000000000000
0.0835000000000000
0.0850000000000000
0.0865000000000000
0.0880000000000000
0.0895000000000000
0.0910000000000000
0.0925000000000000
0.0940000000000000
0.0955000000000000
0.0970000000000000
0.0985000000000000
0.100000000000000
0.101500000000000
0.103000000000000
0.104500000000000
0.106000000000000
0.107500000000000
0.109000000000000
0.110500000000000
0.112000000000000
0.113500000000000
0.115000000000000
0.116500000000000
0.118000000000000
0.119500000000000
0.121000000000000
0.122500000000000
0.124000000000000
0.125500000000000
0.127000000000000
0.128500000000000
0.130000000000000
0.131500000000000
0.133000000000000
0.134500000000000
0.136000000000000
0.137500000000000
0.139000000000000
0.140500000000000
0.142000000000000
0.143500000000000
0.145000000000000
0.146500000000000
0.148000000000000
0.149500000000000